13161666333
13261111142
13812222265
13206143333
13810663333
13811683333
13812033332
13812033339
13888833338
13889133330
13414444775
13810054444
13810164444
13811444470
13410355550
13808955553
13811825555
13888555521
13197777703
13812177775
13888888422
13888888540
13808888008
13887999991
13410000053
13810006750
13810006760
13888060050
13888060080
13888060088
13888105000
13888150010
13888222010
13888220111
13261112229
13812121229
13812121251
13888940404
13161668888
13810066880
13812100010
13811600600
13888008009
13810112345
13811688688
